1.851076924552090781e-10
8.124568262160693678e-10
3.072757203825171407e-09
1.184265089157828902e-08
5.056347580750943379e-08
2.582614685364618213e-07
1.729143238935553003e-06
8.264985212395434575e-06
9.923528414965063216e-03
9.185840549612923900e-02
9.185840549612843409e-02
9.923528414964775252e-03
8.264985212416058134e-06
1.729143238938205063e-06
2.582614685370384390e-07
5.056347580727160944e-08
1.184265089142471632e-08
3.072757203740305157e-09
8.124568262091551718e-10
1.851076924514785193e-10
