1.451247517011811183e+01
1.059694604815076957e+01
7.780581666094673388e+00
5.604065102174331514e+00
3.888719615762722626e+00
2.542453875049261125e+00
1.511256688225786959e+00
7.614720527022216245e-01
2.719337501473230168e-01
3.009603157479394733e-02
3.009603157479394733e-02
2.719337501473230168e-01
7.614720527022216245e-01
1.511256688225786959e+00
2.542453875049261125e+00
3.888719615762722626e+00
5.604065102174331514e+00
7.780581666094673388e+00
1.059694604815076957e+01
1.451247517011811183e+01
