3.741318199393857534e-07 2.850528495578311945e-06 1.509261665120148169e-05 6.406285678258620065e-05 -2.309784183435293974e-04 7.297229262665785518e-04 2.058923074616599187e-03 -5.253549707409744217e-03 -1.222575314396424223e-02 -2.609644138960439189e-02 5.127721588874507852e-02 -9.291355603998532886e-02 1.552626533532937281e-01 -2.388238655548274025e-01 4.111048289708272852e-01 -2.701696743274100559e-02 4.316337551751936452e-01 -4.961545918816770429e-01 4.980932058259771589e-01 -4.123136163325183956e-01
1.877229360347817171e-05 1.222187099627625715e-04 5.493821139559774188e-04 1.965276313766953133e-03 -5.921775445040979545e-03 1.548418949933245969e-02 3.575018820106960066e-02 -7.363748030458136529e-02 -1.360605489133999424e-01 -2.258520746073355012e-01 3.359125166393201467e-01 -4.440604070436099393e-01 5.129755799817432571e-01 -4.996471415670532545e-01 1.543170679919387833e-01 4.223542454140213898e-01 1.478223717520379399e-01 1.225713673891191680e-01 -3.369550894916304995e-01 3.979601194379156492e-01
3.137970440982684305e-04 1.750591747084843984e-03 6.683783355026989142e-03 2.009835440729597356e-02 -5.027340865444526047e-02 1.074500012379500380e-01 1.988253814176374756e-01 -3.197568839817677144e-01 -4.446986144904885307e-01 -5.254827912022264069e-01 5.051534265186627959e-01 -3.486666732367769694e-01 7.786028036946281150e-02 2.145177142904058087e-01 -1.607538934402243658e-01 -4.471706422619076138e-01 -3.615362113832557012e-01 1.218979763641002689e-01 1.858084521703219361e-01 -3.627870395333524511e-01
2.766291750175415860e-03 1.309723328490512706e-02 4.189156861766427098e-02 1.038172512632080519e-01 -2.094864473641031843e-01 3.507031668044923167e-01 4.866347100183934793e-01 -5.461464948197989333e-01 -4.590044292211706289e-01 -2.094860809338855157e-01 -1.218060020418914036e-01 3.736188612890866678e-01 -3.940254162164252283e-01 1.584478034768884713e-01 -2.239881647215895971e-02 3.450049866261313825e-01 3.721372817940526989e-01 -2.669715360047753561e-01 -5.446153857694650824e-02 3.202261341799822469e-01
1.537669715711116776e-02 6.064519154859192296e-02 1.582547107732011904e-01 3.108373944019398594e-01 -4.759136676441736435e-01 5.613931198638788533e-01 4.694613752685387609e-01 -1.800674332790864474e-01 1.880543312174846604e-01 4.169959183471493858e-01 -3.416699637970853631e-01 8.707136553210334182e-03 3.172107899386693575e-01 -3.553496557684268087e-01 2.302411637607389983e-01 -2.232540631615360927e-01 -2.731464350845985711e-01 3.360238778075245181e-01 -5.643354400868211274e-02 -2.740957746925123950e-01
5.909338166864569475e-02 1.884496697015566324e-01 3.831637749781784952e-01 5.516044175380054870e-01 -5.477077672614584225e-01 2.877548251380072641e-01 -1.253556580124839392e-01 4.175046757920941043e-01 3.534716138868596591e-01 -1.788511193416035538e-02 3.533689475436010419e-01 -3.227199900995453841e-01 -4.123244564054250050e-02 3.465283457522662092e-01 -3.865785519119731561e-01 1.314792912967955862e-01 1.243059676483892068e-01 -3.466001498654046609e-01 1.474832803139112247e-01 2.259778124849870229e-01
1.657227347285851471e-01 4.074564574211452794e-01 5.911947477487263791e-01 5.065201098089919807e-01 -1.106916110228718109e-01 -3.313346423226429249e-01 -4.336227159615475002e-01 9.620389635635179237e-02 -3.219898586285885878e-01 -3.545901528457413576e-01 -2.977337233533362479e-02 3.601598919106372421e-01 -2.271194679239593728e-01 -1.911552601656778538e-01 4.618363019415904769e-01 -8.909367836159731713e-02 3.400244531539273196e-02 3.126285623458905927e-01 -2.194118544268458537e-01 -1.766684235300863270e-01
3.507594828806925302e-01 6.121620477476799049e-01 5.074302141826834145e-01 1.146811133992869762e-02 4.294401108345796136e-01 -3.454346796861195168e-01 1.459031751023384116e-01 -4.160541565395440844e-01 -1.202413462320462284e-01 3.223093247857604093e-01 -2.919520748860284232e-01 -1.536812371466296512e-01 3.569488987126852586e-01 -2.512700011961651811e-02 -4.535714742567734659e-01 9.803460669008717820e-02 -1.739912674066309006e-01 -2.457798122971212584e-01 2.728311449405922406e-01 1.266235681080177256e-01
5.722861090095221481e-01 5.968631355759084212e-01 3.550349356496333708e-02 -4.659584662328437599e-01 2.737315348967613304e-01 2.890922404100006449e-01 3.729714442841614019e-01 1.206234475687298635e-01 3.933611517046511352e-01 2.302651752875579591e-02 3.655808186358494027e-01 -1.369154140380637874e-01 -3.087955350504749674e-01 2.208665785278536020e-01 3.758590293622590672e-01 -1.496181599273606333e-01 2.769288528881089784e-01 1.562993660266498441e-01 -3.081965934793099993e-01 -7.613338377664267964e-02
7.288564329575999423e-01 2.528870578944598102e-01 -4.533358363517996370e-01 -2.972935846381462022e-01 -3.410252417266897429e-01 3.188233595709304424e-01 -2.661514898168348964e-01 3.300762141538973737e-01 -2.084713558816153611e-01 -3.353095352051633227e-01 -1.609832317425095860e-01 3.365461378001970982e-01 1.204212741291979527e-01 -3.349312748962463560e-01 -2.527187559848929066e-01 2.287621722916536871e-01 -3.311875871766359891e-01 -5.355653401518336437e-02 3.258059987696982907e-01 2.540310408058328931e-02
7.288564329576004974e-01 -2.528870578944554248e-01 -4.533358363518012468e-01 2.972935846381438707e-01 -3.410252417266920744e-01 -3.188233595709281110e-01 -2.661514898168345078e-01 -3.300762141538977623e-01 -2.084713558816148893e-01 3.353095352051618794e-01 -1.609832317425076431e-01 -3.365461378001984305e-01 1.204212741291992711e-01 3.349312748962443576e-01 1.135164835223689411e-01 -3.169272332512216850e-01 3.311875871766353785e-01 -5.355653401518180312e-02 -3.258059987696972915e-01 2.540310408058296665e-02
5.722861090095237024e-01 -5.968631355759047574e-01 3.550349356496008968e-02 4.659584662328448701e-01 2.737315348967579998e-01 -2.890922404100025322e-01 3.729714442841618460e-01 -1.206234475687290308e-01 3.933611517046528006e-01 -2.302651752875387037e-02 3.655808186358491807e-01 1.369154140380669515e-01 -3.087955350504758556e-01 -2.208665785278483285e-01 1.070883497808053537e-02 3.944545316450104311e-01 -2.769288528881080902e-01 1.562993660266482621e-01 3.081965934793114426e-01 -7.613338377664241596e-02
3.507594828806960274e-01 -6.121620477476794608e-01 5.074302141826805279e-01 -1.146811133992477021e-02 4.294401108345812235e-01 3.454346796861161861e-01 1.459031751023388557e-01 4.160541565395444175e-01 -1.202413462320450765e-01 -3.223093247857601873e-01 -2.919520748860292003e-01 1.536812371466253768e-01 3.569488987126868129e-01 2.512700011961155680e-02 -9.064761326465357871e-02 -4.427208548230301965e-01 1.739912674066280140e-01 -2.457798122971212584e-01 -2.728311449405939615e-01 1.266235681080169762e-01
1.657227347285875896e-01 -4.074564574211458901e-01 5.911947477487249358e-01 -5.065201098089914256e-01 -1.106916110228681055e-01 3.313346423226419257e-01 -4.336227159615461679e-01 -9.620389635635263892e-02 -3.219898586285896425e-01 3.545901528457417462e-01 -2.977337233533050923e-02 -3.601598919106367425e-01 -2.271194679239606218e-01 1.911552601656794081e-01 1.024034446517546187e-01 4.464601981330776903e-01 -3.400244531538974824e-02 3.126285623458884833e-01 2.194118544268471027e-01 -1.766684235300862715e-01
5.909338166864615272e-02 -1.884496697015569378e-01 3.831637749781774405e-01 -5.516044175380085957e-01 -5.477077672614559800e-01 -2.877548251380061539e-01 -1.253556580124836894e-01 -4.175046757920929386e-01 3.534716138868618240e-01 1.788511193416042824e-02 3.533689475436002647e-01 3.227199900995507686e-01 -4.123244564054336786e-02 -3.465283457522644328e-01 -3.211856392350874445e-02 -3.966650248929822764e-01 -1.243059676483905113e-01 -3.466001498654032731e-01 -1.474832803139131954e-01 2.259778124849856629e-01
1.537669715711130480e-02 -6.064519154859111805e-02 1.582547107732005520e-01 -3.108373944019425239e-01 -4.759136676441719227e-01 -5.613931198638760778e-01 4.694613752685385943e-01 1.800674332790866417e-01 1.880543312174868809e-01 -4.169959183471517172e-01 -3.416699637970877501e-01 -8.707136553216194078e-03 3.172107899386735763e-01 3.553496557684215351e-01 -1.173966298568349109e-01 2.947252039309529725e-01 2.731464350845970168e-01 3.360238778075234634e-01 5.643354400868494380e-02 -2.740957746925122840e-01
2.766291750175183407e-03 -1.309723328490504726e-02 4.189156861766284157e-02 -1.038172512632090094e-01 -2.094864473641028513e-01 -3.507031668044916506e-01 4.866347100183924246e-01 5.461464948197992664e-01 -4.590044292211711841e-01 2.094860809338824625e-01 -1.218060020418903766e-01 -3.736188612890892768e-01 -3.940254162164273377e-01 -1.584478034768833643e-01 3.159254478596678628e-01 -1.590971498377378723e-01 -3.721372817940519218e-01 -2.669715360047724695e-01 5.446153857694415595e-02 3.202261341799811922e-01
   3.608570825397854341e-06 -1.043693188677571258e-04 1.643097797366644926e-05 1.502841791003204708e-04 1.401163696020945877e-04 3.665201276536978278e-05 -1.256521820802901043e-04 7.402948407646937163e-05 7.666999194162106720e-05 1.654417828462532124e-04 -1.685810510894822313e-04 -4.985320047020339995e-04 3.044050263227236850e-03 -3.657604443858657791e-03 -2.834380175585032857e-01 -2.834268757329141963e-01 -1.836014835873831484e-03 -2.313917695895005219e-03 -1.296430747819203500e-06 -2.024944999183845781e-04
-1.589962670445135218e-06 7.849966323908186836e-05 -7.030936606143134918e-06 -1.139361908426875610e-04 -1.091115096939466550e-04 -1.483177955882109319e-05 1.069153278270476690e-04 -2.712723207429408408e-05 -1.013344170225755861e-04 -5.090087073633323941e-05 -7.501977581703731630e-05 1.091982039229635377e-04 -6.860124774701817504e-05 3.180578319548277365e-04 -1.726756138884316888e-03 -2.180250795806955820e-03 2.664310486898237018e-01 2.664264620943396777e-01 -7.771962202592665181e-04 1.105725418271459896e-03
6.485129192380808203e-07 -5.392263527781624262e-05 2.806036900566345634e-06 7.840526370174882452e-05 7.556938468627917690e-05 5.684232589956404475e-06 -7.555079285934170464e-05 9.704853326445004349e-06 7.651394245951500216e-05 1.627836076256656471e-05 7.611557802909324391e-05 -2.891530478310554627e-05 -6.690557742382169924e-05 -5.898457108394012993e-05 -6.147685328835225050e-06 1.613491175771369403e-04 6.881978607681508596e-04 9.803780725132680250e-04 2.358857718679160664e-01 -2.358847509529232445e-01
